SAT-01
1 90001U 26001A   26127.50000000  .00000000  00000-0  00000-0 0  9990
2 90001  51.6400   0.0000 0000000   0.0000   0.0000 15.50000000    01
SAT-02
1 90002U 26002A   26127.50000000  .00000000  00000-0  00000-0 0  9990
2 90002  28.5000  45.0000 0000000   0.0000 120.0000 15.00000000    01
SAT-03
1 90003U 26003A   26127.50000000  .00000000  00000-0  00000-0 0  9990
2 90003  82.0000  90.0000 0000000   0.0000 240.0000 14.50000000    01
SAT-04
1 90004U 26004A   26127.50000000  .00000000  00000-0  00000-0 0  9990
2 90004  97.5000 135.0000 0000000   0.0000  60.0000 14.00000000    01
SAT-05
1 90005U 26005A   26127.50000000  .00000000  00000-0  00000-0 0  9990
2 90005   1.0000 180.0000 0000000   0.0000 180.0000 13.50000000    01
SAT-06
1 90006U 26006A   26127.50000000  .00000000  00000-0  00000-0 0  9990
2 90006  90.0000 225.0000 0000000   0.0000 300.0000 13.00000000    01
SAT-07
1 90007U 26007A   26127.50000000  .00000000  00000-0  00000-0 0  9990
2 90007  63.0000 270.0000 0000000   0.0000  30.0000 12.00000000    01
SAT-08
1 90008U 26008A   26127.50000000  .00000000  00000-0  00000-0 0  9990
2 90008  45.0000 315.0000 0000000   0.0000 210.0000 11.00000000    01
SAT-09
1 90009U 26009A   26127.50000000  .00000000  00000-0  00000-0 0  9990
2 90009  55.0000  30.0000 0000000   0.0000 150.0000  8.00000000    01
SAT-10
1 90010U 26010A   26127.50000000  .00000000  00000-0  00000-0 0  9990
2 90010  35.0000  60.0000 0000000   0.0000 270.0000  6.00000000    01
