ISS (ZARYA)             
1 25544U 98067A   26142.51965852  .00007327  00000+0  13945-3 0  9999
2 25544  51.6330  67.1668 0007537  86.3178 273.8672 15.49313075567774
MALLIGYONG-1            
1 58400U 23179A   26142.73525032  .00002326  00000+0  10331-3 0  9994
2 58400  97.3049  24.9996 0010127 113.4328 246.7974 15.22473634138887
KORSAT-7                
1 58463U 23185B   26142.71897110  .00001427  00000+0  11641-3 0  9993
2 58463  97.6292 207.4852 0026660  50.0824 310.2738 15.00755664135462
KORSAT-1                
1 59452U 24066L   26142.70173277  .00002353  00000+0  21341-3 0  9998
2 59452  45.4122  16.2957 0007105 279.6822  80.3253 14.98348883116234
KORSAT-2                
1 62377U 24247A   26142.66644564  .00001887  00000+0  17297-3 0  9992
2 62377  45.4088 200.1164 0002555  77.4236 282.6928 14.98787139 77734
KORSAT-3                
1 63630U 25081A   26142.61022353  .00002234  00000+0  20232-3 0  9993
2 63630  45.4104 108.4632 0004527  65.0577 295.0771 14.98591397 59348
ARIRANG-5 (KOMPSAT-5)   
1 39227U 13042A   26142.69339872  .00000466  00000+0  37647-4 0  9991
2 39227  97.6208 329.7524 0002610 190.0040 170.1135 15.04503342700026
KOMPSAT-3A              
1 40536U 15014A   26142.73232964  .00018950  00000+0  28901-3 0  9995
2 40536  97.6894 132.2584 0054876 269.3607  90.1357 15.52740796617860
